0.94280118443455
0.9837960163042438
0.8975562556788474
0.6981418485598518
0.9227037935080808
0.5761917865593141
0.9038989322867697
0.5760587682683365
0.573749557452117
0.6034038162392386
0.6270199922523991
0.5361732254132071
0.9008550761076222
0.7283579271230506
0.7113967185002207
0.846963496231073
0.5122621128757492
0.877239330945708
0.7862007119178696
0.9794717647429165
0.8709687856474313
0.5239038310418082
0.5109078595148078
0.8514688956924644
0.9600083402557381
0.6070173923908351
0.9317201569482781
0.5042438671976331
0.6878074086391375
0.7061245589435451
0.7612315695649189
0.9840068353073037
0.7589683542333537
0.8312079394685737
0.8781080582971279
0.9282714039218032
0.7988343527430712
0.7075249792300697
0.9740154459488725
0.5122050152153419
0.6718557130944371
0.688011695723348
0.6238919536305558
0.6261215741005879
0.6855520521673766
0.848480035234521
0.6468568207058837
0.8033981216635178
0.9200934204333733
0.6730502817731576
0.6955184573571341
0.937966264124909
0.5526840120615204
0.6255654270208945
0.9484410674324752
0.8252731042453245
0.8221628871331008
0.7020019617251321
0.768608747410765
0.6368228551620421
0.5048378184450353
0.884196195491955
0.5911269097728556
0.5420160080691308
0.5416984355819705
0.6580191661871299
0.5871595248791514
0.6119753619762958
0.9887763469994127
0.6538621291203192
0.7437377487339335
0.7565055384103088
0.8638139687143118
0.9119337111597308
0.5929050509981149
0.9317270297069427
0.5608407744404272
0.8937698219716042
0.5282053133276299
0.8230013931089982
0.6181287655029525
0.9064162513732962
0.824676347921045
0.6730960028536084
0.9409169206518306
0.7511105484541598
0.952493012851543
0.8003762624965014
0.6293744401140016
0.5550862791568159
0.9214679406690813
0.8708667761763678
0.9151803262289356
0.6505807261059049
0.5228904077339198
0.6405405823031001
0.7159339902680788
0.9584825865022304
0.7304962038201048
0.6418578885637327
0.8172127755605862
0.6531665457973785
0.9182432187869511
0.9255106376346223
0.6147053867686288
0.7696927108001921
0.6469319202199928
0.6208729909141953
0.7910800353058632
0.9515740626788294
0.8427295433591366
0.9328783276323687
0.936989228942246
0.8001085273120654
0.6293257223383062
0.7870819401129774
0.5273567699477667
0.614796643847871
0.5699359826827249
0.7358797194135922
0.6643578813652011
0.7957518030375204
0.6539993150187461
0.827809650099242
0.5704537520660133
0.7393026349540692
0.914852121041765
0.7978028489678732
0.85887940748156
0.9940196641836058
0.6002957859454235
0.8196548679807238
0.5444045953657437
0.5645946625490309
0.8712663761255524
0.575443573519031
0.6693399330402511
0.6311827234501147
0.6005019240168206
0.6461013293835016
0.6327203660026511
0.5914194734348668
0.6602767741734659
0.8229992334555877
0.8438063146238597
0.8040913921862375
0.8298442070054578
0.6228159262878503
0.51923663806976
0.6488756186897857
0.940494147190322
0.7995456747982527
0.7331187752493811
0.6276706886344825
0.6359261494259691
0.9243337813444852
0.5072715247695674
0.5702081437977922
0.785767122249433
0.8199022770128304
0.8116857870082748
0.8503735805724264
0.5533490639458997
0.6934956609943443
0.8901072042105992
0.5132879840946829
0.6662954585385699
0.9827328413782968
0.9295748898988669
0.7576327595571807
0.7108417289533815
0.8684836310176918
0.917760784448029
0.6870363965092228
0.835906690674947
0.8998315117613334
0.89103659460287
0.9799230387213589
0.8733311803990182
0.8108879124194526
0.9650490866476663
0.9856979427960196
0.6685494649846464
0.9767188295491199
0.9580247990962698
0.9888849327302549
0.5010493618484264
0.5650600273098185
0.6010762063730313
0.7576396938754839
0.5681082853115008
0.8300963727613901
0.7948171585456936
0.8211658009436447
0.8446429751511773
0.840556696918033
0.9802846234072842
0.8044937883348178
0.7877369279561285
0.5149639491051351
0.9942539075672505
0.7170340725749124
0.929391193500192
0.5198043910113803
0.7481804665858371
0.5586731073000273
0.536089298191085
0.9114722046337932
0.8061989526784703
0.9342805002236374
0.5232654778482229
0.9723479271470954
0.6467603446102994
0.9444018144730912
0.6040651370307755
0.8701594326169577
0.7058782107328841
0.98371946432506
0.7783052959701363
0.8014182990538261
0.7855361732977504
0.8351932907535284
0.9194467708669865
0.9421988391237119
0.9184140004307467
0.5358901961864653
0.8592219733974329
0.9550922864069789
0.801139321556502
0.7536764490038492
0.9356528108902677
0.9417092628204745
0.7264946607170002
0.9263594187484202
0.5918795253498779
0.9358849590653099
0.8126002534862418
0.6143154698065548
0.5790651539041374
0.6128657711862658
0.5574418558784071
0.9803117646049451
0.7651562976438387
0.8167499378099842
0.9798348704603922
0.6516066575421191
0.5763468637192292
0.901264427496508
0.5679661509043046
0.8702917040547716
0.9060412188885263
0.5801296852205114
0.7280256724391914
0.801143459027077
0.9115340875019774
0.5139385234053901
0.9187898866274233
0.8673513744547263
0.7780879187114358
0.810660722105103
0.6471825311488034
0.7561477237911274
0.5171314674561318
0.552505025540436
0.7384387154888452
0.693296496942558
0.5081011364773051
0.5121526355262243
0.5995571884115977
0.8494808610329927
0.9486023498775964
0.8391340625399886
0.9491515773782349
0.973302010053394
0.7915181901089257
0.9040163589256123
0.5336949133782914
0.6113526023182159
0.7630102120852105
0.7042374616520989
0.6379723467926366
0.6036651008554639
0.6284725487289262
0.7416694351182589
0.523492786401754
0.7222692576296663
0.8845959163974032
0.8220857791408349
0.57139892580979
0.9812645887442082
0.9797481789786707
0.9238150644985585
0.5774508045090886
0.9223457456622333
0.936020201431601
0.5515379654603261
0.5425827610417824
0.7825690610705882
0.517891852854979
0.6976686605360196
0.7193528633930102
0.8108592344054835
0.7249636129762138
0.9708920455990941
0.9337416720503144
0.8884868308502613
0.9563820078805296
0.6554146780272163
0.6856000322930778
0.5836731601206331
0.6218040134696611
0.7772162550094077
0.5208468976150917
0.9764382428253846
0.5909512302727764
0.9748866478906868
0.8076734274193574
0.7921390067753689
0.5244667875974316
0.9803372784759115
0.6201611099189768
0.6441045341230481
0.9211698380387433
0.6700954957534624
0.762752380365683
0.5694102863856967
0.7332284545991008
0.6334542000586002
0.7866813274480414
0.8331248625768775
0.6509513417530004
0.6847470237462493
0.9848050378245248
0.6339632397581421
0.6260955250054638
0.9013006596595284
0.737525497883676
0.9655144660796946
0.6012047496305106
0.5350606440986828
0.5844174293775606
0.8888768905104438
0.9032902933369973
0.9693173809498064
0.5671334544176313
0.5147180544509573
0.8425583639510295
0.9465073613433697
0.5006567210716446
0.5653866522159139
0.7252452082991784
0.8716326472042728
0.8012531189377236
0.8792148452133315
0.5655046956455996
0.9226506427752724
0.50845586439373
0.8519457131591355
0.9716630876205008
0.5420009863971018
0.7868233863805827
0.9440982246879241
0.7016880632448224
0.7293085955876883
0.8425032465946957
0.7569730377635029
0.9540254002503008
0.6397522738086132
0.6520931490812223
0.925700824620123
0.7848994374252801
0.8008631068106663
0.6900702146207168
0.521432370030532
0.8689473367545661
0.5833602379760862
0.7729921510471844
0.6802653730103532
0.6373608314498111
0.8258816899695736
0.6225803645920105
0.7293116628482972
0.5685692833368902
0.5077764840139517
0.6841943005894836
0.9414136475130892
0.896745865531358
0.9642309548580394
0.6602583611097941
0.9942360650268434
0.9412680145484899
0.7297945804860428
0.6174090771717453
0.5585064266414792
0.9706005433677294
0.7166894389220448
0.8763867449002516
0.8624197371625956
0.7505347423518169
0.9185548651074762
0.967260874698963
0.9078012447495847
0.9702367322902261
0.6170931368027704
0.6213929812726302
0.5693328880966435
0.5973187511699185
0.6199840582609455
0.5227830502493034
0.7575799050850076
0.7365129658521422
0.9635583901864517
0.6824404363110579
0.7600314433885549
0.621126148201228
0.5990127152990827
0.7907903947242965
0.9619201907368768
0.6542334590602858
0.5175391881094087
0.5809587548312566
0.870954545011029
0.9064887733166378
0.9796144916093678
0.6125143874647804
0.8983085609827157
0.6799818173970777
0.5672335582274417
0.878811148096188
0.8994784977896635
0.6354772196323274
0.7970654847902512
0.581976914076783
0.6922110489621656
0.8722476767939783
0.5248543346330106
0.7505343153992204
0.8875887556112061
0.8174727615521902
0.6859582986763035
0.8702425760880478
0.9685571707781899
0.7758900724929496
0.7645740353051906
0.7963235418825811
0.6998140722333367
0.8769504935064801
0.7215199981893194
0.7212774644913331
0.9356233998870215
0.8180369219766933
0.9323827608262444
0.6847938547391201
0.7504876252908301
0.8537202333116767
0.6154753575221886
0.6839976376975259
0.7295992772056952
0.6065858072058091
0.675446834889688
0.9803258960442942
0.7372926107006701
0.5870186600864755
0.7756819462569979
0.6130467294212423
0.7786841874950037
0.9603972855013171
0.7985903456454229
0.8991919753329838
0.8860054951925418
0.9843615484668716
0.8451053736515883
0.8819884298078493
0.7703328866534906
0.6381946472544384
0.5090130935383159
0.7712689610210466
0.8350061243630216
0.639482096781372
0.8294350802361034
0.775007307461498
0.8020549213495534
0.7108042294757742
0.8673491337005862
0.6510126429477213
0.7277606615813325
0.966179898951911
0.8128770953387192
0.64949987084327
0.6735125673235649
0.5601946521041656
0.5981912439551436
0.9083386782475804
0.8419325074788071
0.9376533421608098
0.9878896178436745
0.6406178300284342
0.5568064939499295
0.6594021168599637
0.9719462756720725
0.5240940588521183
0.8475213879342453
0.9924224867918265
0.8981976759300283
0.6880602400363047
0.7613752340752689
0.7889426523116119
0.837568553687175
0.5636342355125247
0.5937824406721854
0.6077164570469873
0.9967724352751534
0.8347703646694324
0.8194537344909796
0.8482209414734052
0.5431966591438759
0.5467148979916805
0.6907815151212289
0.7131856400332254
0.6003981487275898
0.8427203583711489
0.8753648408225633
0.805158914235277
0.763228469273573
0.939012652929787
0.7441241154034595
0.823403659888073
0.7982195768962315
0.9005504888361469
0.5072128416282387
0.6593568873699862
0.8388189317547226
0.8075510164868254
0.7316650548422359
0.9743434340193915
0.8553869435274934
0.5192693884801949
0.7841961870477857
0.7465363115632313
0.7212457757462651
0.8549079283053658
0.7324481560277498
0.8753431507999822
0.5112337133987304
0.6054983479623286
0.869544833732145
0.7830113163050665
0.5998922576182529
0.5519950949354036
0.9363389460870312
0.9001913786463436
0.940752109617073
0.6886266873250281
0.8666846888856974
0.5525411392381867
0.9887575025785751
0.7466461267912577
0.9081918412235146
0.8707852706332828
0.9326118303479302
0.8458732862646049
0.6594009785725531
0.600667109990753
0.8265598220477743
0.8550723616984139
0.8055323268201252
0.8090249882822793
0.7605100408145922
0.530482071882068
0.9179701522875001
0.8139915845312731
0.678937668517066
0.7730302134259459
0.953334266770522
0.7629273827781324
0.6935838359393254
0.7625048740629692
0.5415695871101527
0.6228018447796784
0.8139182808926977
0.8609239131278847
0.5255253395498286
0.6065736071315033
0.9089314297049254
0.8583515077087402
0.6812681193476101
0.9398330831915522
0.6744583134267192
0.587867646697362
0.8528371528595298
0.7302212222546869
0.818967616710668
0.9446458475263463
0.9559268258435034
0.7172837081750015
0.7257178441591163
0.862093242474829
0.8386362236066474
0.5867849280248745
0.6422297721041952
0.5398812950198961
0.6582888851384857
0.7211762914557568
0.8922981073157794
0.7660025265171748
0.757010243342195
0.6745532868222406
0.7650312496953646
0.747637439122645
0.5133571791761875
0.6448695079422935
0.8415579562933011
0.9541586613655391
0.7689719669530755
0.7369738784412259
0.5089106059540633
0.7370124070772852
0.8167506235984994
0.7340373414297158
0.5599620783169718
0.9259625662040676
0.8419631417176803
0.7567756713489846
0.9559856777179202
0.8723189178162736
0.512917826421608
0.9941089990490717
0.7855442682910253
0.7821363925519607
0.7248892199213843
0.7411543552199271
0.5281015030081351
0.594600103975171
0.9740391033867395
0.9912785070249039
0.94852391810908
0.9024585484855747
0.8636684362504634
0.6921683151531671
0.7257156846193498
0.8757587313729169
0.5419946259020517
0.6710340766197443
0.6667536565152008
0.8468416911730763
0.8707052697085935
0.7659802193313261
0.6547278526201378
0.8614319234541761
0.9222627121935388
0.6532241046828684
0.9664748064288684
0.5249154997383467
0.7047414210458998
0.7387842308538344
0.7316547853842646
0.7796591840960172
0.9995242265581494
0.9369597269060446
0.9316017522867479
0.8254496212115695
0.5439444383004166
0.6541817047360915
0.9383053700511186
0.6423358124061558
0.5228253380133187
0.8736747280671382
0.6855440588974194
0.7470370700255191
0.5530527813424462
0.5074152842995789
0.8046676775820022
0.5272624679337591
0.9785325278660508
0.6955019695067362
0.5298067738096519
0.8184760677887924
0.6245555748182672
0.7067884697871987
0.855112436615975
0.7158500437974414
0.7055900038016067
0.9288697927531382
0.6788832015256347
0.8420163003053959
0.8935253813964694
0.5598378450540907
0.7808961156079652
0.5219264059779593
0.6520177954407613
0.6972210762170482
0.8236703445442215
0.5629016979214359
0.8064112900318918
0.9040068668294103
0.9844973059561376
0.7217117858573405
0.9911158874396174
0.7231160503173956
0.6946387362886951
0.6702485004798571
0.888206130797154
0.8784877447721833
0.6173185126351532
0.9767534394856063
0.5245284893652626
0.7658288962943549
0.5955037880741502
0.9610288543551995
0.6863789483723935
0.5166569169996109
0.8848828718778019
0.5460810178177546
0.6430519711506819
0.9778385857145191
0.9087919163580642
0.7523193999517993
0.916752366103571
0.9587792910502104
0.7122478169097498
0.7994228173723095
0.6149542354112965
0.8163029005983294
0.7798856341426261
0.9630853900773704
0.9917597886329863
0.8525719739186937
0.7757939441300553
0.7717724240914268
0.93749723255523
0.6857727833446992
0.7251623464638568
0.6641159095117044
0.8071879859112132
0.9407087994508732
0.9058754992147824
0.8322963668818726
0.8861077287730392
0.9671793367137127
0.5574219778048053
0.8949132471813322
0.7797536978599231
0.9517754900518494
0.6921939919709539
0.6841372633966456
0.9457792736667177
0.8166160068274704
0.7229144354531032
0.522190042786425
0.9141599474081258
0.5438197513343135
0.889395101231631
0.5405105028174915
0.5815322013961017
0.7475970665387732
0.7451488455093114
0.9330509236546891
0.5075882915990252
0.6585534317157142
0.8602713344920401
0.8583441101999869
0.5967216622645068
0.6656956505513918
0.5253486736692947
0.643086093132332
0.829846033773616
0.9613737318350281
0.5012627949824462
0.7417615383241682
0.6720430224839635
0.5805250721818308
0.8544753319447006
0.6330027410114287
0.8066415682037544
0.793029643500215
0.7058233458488445
0.8551601534098984
0.9679662171478695
0.7784508770770513
0.6603632015694906
0.5795644715143109
0.6178384658863016
0.700848059526563
0.7581208352843736
0.9487989324308106
0.732602043047559
0.957168393199848
0.588612000956467
0.9851581045086747
0.788940635782539
0.7657325013501011
0.7430689944236193
0.9172164222338635
0.9667012360981004
0.9337831067304132
0.7244272071413163
0.9954788634852214
0.7404734632552381
0.9409919582761379
0.888587197063808
0.5796879422704861
0.7758064670024127
0.9077710889958669
0.8692735563737934
0.521647029676922
0.5810481094246625
0.588141242589944
0.9427221966103596
0.748655396885612
0.9021220514295172
0.6066112934016377
0.6062872948193052
0.6961307357484441
0.7102797774930887
0.6795563069468463
0.6026327664897313
0.5771669792170462
0.905478607817447
0.7107248192776573
0.8364894850488502
0.9928242176364298
0.9933432101784861
0.684283857819895
0.6196171073480755
0.989007169884055
0.6176972039492833
0.5456396894284428
0.7690255960585095
0.7274013146792908
0.5077363971780391
0.91506529473132
0.5487470301141986
0.8575685847810236
0.5948506341201928
0.7874678292305316
0.8633919335463964
0.6677410660689207
0.6934811432733934
0.72723755603441
0.6888117457818265
0.6474168520537764
0.5710583146637704
0.7711423415690166
0.8482461609386418
0.6591249377983355
0.8662248935837759
0.7448274371755994
0.6329167497668551
0.508784438958104
0.5207998197876866
0.6826015284441234
0.5391928329156376
0.9356180480379312
0.5097644371454868
0.5960683198421466
0.7231749646848467
0.7882284060116513
0.9955157090610434
0.8223991647192491
0.8573529605801927
0.512059372866795
0.5572329686095114
0.7589509515002226
0.5962553545534554
0.8578998803568116
0.7048170317294657
0.7384259490217965
0.5365168427142952
0.8896935211937564
0.7569908883887795
0.7341149461260674
0.9377547135847444
0.8465038064616617
0.7860649617263697
0.5491111316048123
0.5424251479386802
0.928509652477947
0.7435182247795762
0.5828249274340339
0.8095708209208614
0.6304050495493627
0.659170551629535
0.6334171245342369
0.8348208474140943
0.5735802149600986
0.62392730183717
0.8534633027861926
0.5376425449384382
0.9749120008170751
0.9880042091367118
0.7578457306897584
0.7168280670757241
0.5122753870117851
0.7771628091367256
0.733382961641796
0.6249626832691346
0.6895501161133817
0.8325653329535786
0.9836891539992674
0.74100861240182
0.7771979393325933
0.7956329041021657
0.8270468755858312
0.5374467738267865
0.6467970012921462
0.9598263113848365
0.7097742650258358
0.9701029722603123
0.8636249641187377
0.6170753000293848
0.5412385724073908
0.6875226366069546
0.5993525402160189
0.5334688747755902
0.989736010784618
0.7868355656868014
0.5355609621037177
0.8524145643583179
0.7459224274014269
0.6364407185643672
0.6589644394023088
0.8948860293435382
0.8485529289715663
0.7893524656978996
0.8017996608780906
0.5768331612453147
0.9787896557682823
0.7207354910389256
0.7333513724233869
0.8682476130236358
0.7088971479570475
0.9202482016564141
0.587804263667782
0.8042127916531007
0.6489280997184044
0.9778701528375109
0.8059908490696275
0.8340441985158167
0.6381549634406101
0.7445928113946976
0.5141147974252792
0.7546221864071085
0.7839838653408671
0.7094652102717879
0.9454695966706281
0.7843500482456491
0.99521818616879
0.70713895300041
0.9883347832317577
0.6463197617124972
0.9888416591231244
0.8542117011902848
0.6210983099074865
0.5227665239848949
0.883169691761323
0.7720931231790289
0.5739231677297227
0.68335272950712
0.9839310669977166
0.5108120858242786
0.8027303840623996
0.9997565774685461
0.8809183342406885
0.5010088621926388
0.7805983526993281
0.8662194777741024
0.7294071191724627
0.6814439785124862
0.7145134553886124
0.9878611077679731
0.5731713219840713
0.6762322685781526
0.898892077152569
0.9783055366923098
0.6999898519944345
0.8367817345885722
0.7236118611844827
0.9397465249587216
0.9672039657956817
0.6132409550085423
0.7485823883002041
0.714419891350314
0.8143676834182441
0.6395343628152856
0.5169371586503431
0.5026441592358843
0.8495527622088387
0.8180885916454961
0.8106511960353381
0.5064317246063862
0.7205758856289419
0.9212089982408846
0.6392045946157624
0.5837614330321386
0.8740084642882695
0.9601395574818297
0.6065783188195889
0.9925367825846736
0.7986293863714875
0.8505375445123706
