0.41169451427584325
0.5648129501403835
0.2832775196028474
0.5090437288271792
0.9033170901980513
0.33576942320231884
0.05546195037435098
0.33028367675671544
0.44859836200080705
0.8828269234309138
0.7425067213574267
0.15985661611176027
0.29958548936035445
0.10494402492571653
0.24008199626354432
0.6227970951840751
0.8790525455334699
0.476181331574552
0.998184443325077
0.31890511102626706
0.5648244717789855
0.171759733623557
0.3074498389481697
0.31827610376177107
0.18477366822299246
0.577247115001099
0.3894575405675811
0.20458430417804507
0.28522908869762353
0.9348037416120462
0.09612755666043482
0.16599831075282545
0.9634557927493002
0.7716601459930654
0.39617825398142714
0.05122428154637737
0.7605012042139698
0.3904864691335719
0.17445862675585166
0.6104623647036571
0.7710540328379314
0.10851734215331277
0.01916277242883413
0.05519355993539976
0.2801590436018305
0.4880256450789586
0.19719658470670465
0.9605630172686137
0.49435267331415655
0.9300887465102493
0.6028335988647266
0.9502385320018337
0.4722413545932461
0.44645574015522127
0.28176340779569364
0.34573455190829294
0.8649209606959404
0.8101645538592347
0.5072027493867171
0.15188659156928064
0.28230164776418776
0.2905636985562974
0.3940302909552059
0.1774779826699744
0.01517506065367813
0.1370436330140158
0.03416772540069246
0.47025995031080514
0.25329354684120553
0.7017396455215863
0.2936852193838917
0.015218797960833141
0.739467519058227
0.34774668874939163
0.5923875669780758
0.8990136023424496
0.09160130152258839
0.1728988505737431
0.012288094546303197
0.2943370080271286
0.40418724684066476
0.6280181687402229
0.14726516356648855
0.5203390406446388
0.024666987303463395
0.02723379860441444
0.734934270686033
0.7127341428548915
0.5231422001990129
0.5900552614131479
0.7956756806183809
0.5741412442901693
0.4252553215136079
0.5946732070976564
0.8564253081004425
0.26927047204954857
0.9241828120838298
0.5843697382137425
0.27161354793272796
0.16647108698417235
0.29479157914123644
0.1836779334241545
0.5033034073438142
0.1416282249610018
0.23530085705679427
0.7548423717538838
0.6408193945941545
0.30998408127076127
0.9462478157580738
0.321680254266706
0.9974524124991125
0.13633210519255246
0.006117659030727363
0.583093856749976
0.13378288568545282
0.06572701523810931
0.8622088320051352
0.30029672603611113
0.8420829979078794
0.2485581151313363
0.08311335128681374
0.8112815787370069
0.410816501106089
0.6852478250057866
0.7875467721608655
0.7385549155532386
0.7944281647543516
0.808326431769945
0.8737539920290986
0.8488651024599777
0.0614194733610155
0.672360603141819
0.9716102230716257
0.37422460693691695
0.35331627846197133
0.7926724611405723
0.8055345510815414
0.518766301233864
0.4032872696154868
0.304067486431704
0.7129366621908002
0.3897256644104562
0.7569678558921976
0.3454171300462502
0.8963218524933533
0.21414565126216645
0.3822469642175944
0.037709463639461815
0.9994394861905272
0.8606890562893519
0.16804260193524145
0.3081225773375488
0.9761554940732334
0.18504214159512677
0.32561005848955915
0.5440457020734469
0.24069359203932317
0.895481120402386
0.25075600070624426
0.47933171063620794
0.609128796720503
0.33940423208396797
0.3463419570106169
0.7736392265432933
0.007009963090135574
0.2737695238629493
0.4951174373184104
0.6774328354960371
0.8633835067658218
0.0782852969157708
0.006792541596013502
0.604396471071282
0.01223419992607011
0.9569223417305766
0.9139256536543109
0.46510931979668524
0.6878468366089148
0.10570488322701133
0.38266175650988365
0.9781492743667164
0.15944983691742132
0.5956139333793515
0.5311529295330999
0.7152092905622055
0.4231540952472683
0.8440207574107044
0.4091825552753332
0.19353877115390383
0.7439914101769692
0.051083547841836885
0.10752310433049783
0.579438202510364
0.25206710195579574
0.6173506483639065
0.9603675946000235
0.12992049037601439
0.2770690984162668
0.9549623053450009
0.44513078310391774
0.9772218589593229
0.2949919685990139
0.0546070770909598
0.7166463943780123
0.7351278461944731
0.22443720868125183
0.0893113521686042
0.03144293327586911
0.20894796437353125
0.2645304115120777
0.4349729795467001
0.2742189940459382
0.024193064535345088
0.376278432441694
0.6013113657923699
0.8694431613859931
0.5060329133634445
0.270016146253919
0.49816964314175693
0.8221492695063363
0.02358378074931755
0.24396110747579436
0.6823996803637408
0.08554097959137352
0.555452467015615
0.6585094339115423
0.6343345819384411
0.21544137327767143
0.4860063425691943
0.7789209478000123
0.29575624313921123
0.4919151059384971
0.4606991531025211
0.15421375258305714
0.6509240122579829
0.03932079055076043
0.11582537079149591
0.06851603274890139
0.5441489744195697
0.4154490952896521
0.08825984029283385
0.07809535327984496
0.829429209133662
0.7356380881179422
0.46537141462707154
0.08191351244054801
0.8835455459647917
0.4388530040805322
0.5135242034685197
0.8965824702975219
0.8597212116256815
0.026991488003110242
0.9216442905458992
0.07999680813241528
0.058155353928730835
0.9917303870155275
0.27604675262398404
0.9218904949298097
0.7917123439541919
0.24095838299250982
0.002129369019611582
0.6208440291753267
0.6412711117374641
0.5441965305869326
0.42220177563550476
0.4689043598948369
0.6268350387528653
0.12239090142403708
0.5668451451728161
0.30113169949799157
0.9012205146010364
0.26346613122604856
0.5407931587229797
0.4123666625411926
0.9085938061104674
0.09123784859129691
0.5862698542629958
0.9376344861940576
0.5854020644027434
0.953855635375588
0.07524555013567502
0.691184056231006
0.612188543236364
0.7817790282936051
0.29213684236900195
0.992015994508224
0.4522576052322177
0.7891828608912056
0.34355831242835655
0.025923987668093562
0.920871609643804
0.1703806345853588
0.9381715626376661
0.9620292000213833
0.6025486358762473
0.12904058483153324
0.9121341143654087
0.9081670606635464
0.8489906077345901
0.7808655323195984
0.34490244471975506
0.38019575800814664
0.4731042621853774
0.8584751383343425
0.9255531585595679
0.12358556086362071
0.6739967441050023
0.13192392441950251
0.18859557462263732
0.5610639487279103
0.37102411195814144
0.22855783075800984
0.13241629190801008
0.039181544159887616
0.9926233155011748
0.17706691802230046
0.49085110786961805
0.7023577934909988
0.11129953013762295
0.7567433614080098
0.4960051496528164
0.682052087157689
0.8810191417444931
0.4600976041179068
0.695377746410533
0.5126336823065444
0.09184782669108627
0.6251029527901298
0.8325920682277607
0.9456765662546626
0.07266597700853328
0.48159941385358584
0.4996100410766512
0.5518229201097594
0.6946912202526455
0.5759263223340876
0.5616785151869296
0.3612924686346092
0.9901192260052732
0.6108712232073424
0.053745626394140156
0.82578788773954
0.4389544175732101
0.6745837786521215
0.1852958040503716
0.9602370983979691
0.6048160919764888
0.5068908794213905
0.9264123695144308
0.9645811204894315
0.7658168296812438
0.6010804795809748
0.5210647729549513
0.6302322661377734
0.7793889569560231
0.9736304141340145
0.8154004293656826
0.0017740635143925765
0.24480185139685784
0.5846097724356824
0.06073824839922082
0.8665586852147051
0.23344193160154159
0.1375898247882501
0.16798306941760344
0.32650021142071284
0.565785457148787
0.8438333811640755
0.2169451164797015
0.23706281027421405
0.15624961473639554
0.23378432912439773
0.9937209597701172
0.8273243506789011
0.7067807505535838
0.029368821395645894
0.05074492639471406
0.7537317065205771
0.641038155772749
0.7896971422747786
0.34890094053142906
0.9883465886878975
0.9239573765838187
0.8557925956791047
0.5207985398170382
0.357428385931542
0.467384847872248
0.2492769975871647
0.34431120079668076
0.7788802774209327
0.34603741213658934
0.01761610669385605
0.21168234883635062
0.5052201289168349
0.8128414514456401
0.959592754074492
0.6785399830479916
0.5746460568515354
0.10848631928880659
0.4628881799208082
0.76348756041602
0.15626584747462935
0.8999396661667199
0.21840170261881586
0.8090731837299601
0.6807998212238927
0.34978259882802165
0.7890548016328417
0.9378376345076596
0.48883511758004916
0.8042504006969832
0.5531681436167153
0.26360322013077797
0.7701851785431614
0.9202123775825966
0.5631748021727013
0.1919003065430529
0.38289274456877775
0.34204313011189624
0.20499817511191054
0.036480435075031514
0.966303137472874
0.8501314302951491
0.9843385292186004
0.6921208819639674
0.4285448480181162
0.8966301054562749
0.14859331787069852
0.9205859037691545
0.7119970832851634
0.9666636453922528
0.834021982881411
0.4439065287121756
0.8307347174041305
0.010888207368475622
0.3646422611258515
0.03988414335203405
0.8963142939801143
0.7221394020196609
0.13445875337376667
0.3663622667331655
0.8327474735502799
0.1469620920383089
0.4851893201137326
0.4954503990943935
0.9119548888518579
0.22655556506606034
0.7376707186287339
0.6674752876495175
0.7421377241897851
0.8337267415198096
0.7864957069174505
0.2710124083867387
0.8014697081287846
0.08692603699888579
0.9365605886132536
0.8503931328936375
0.10458218633372052
0.24775453363692534
0.4104175433750311
0.5263742917177895
0.524738646115466
0.01235669420841623
0.852693092586858
0.6054943789545997
0.8331393149425366
0.0519633621419715
0.37153791114381374
0.7725023922166154
0.7659719342234004
0.47694153645932746
0.032523325846002704
0.7386270866441704
0.12290718034868331
0.34659221067034784
0.4351534590384488
0.974050164547289
0.3978793446892982
0.2191054354879033
0.8784449551185642
0.4168811929342231
0.0018909897937225972
0.6978840645794062
0.20731601922596632
0.7052050663656604
0.4513627714391256
0.8703093785822582
0.5965358335288149
0.8403673663681441
0.8863862119661587
0.8124591687592964
0.6133792835670003
0.4462858994532679
0.9620758825405635
0.1703190011998027
0.8742294166251928
0.14259098683936378
0.15707888882962784
0.5647805778731378
0.15098603254132859
0.5210725943411099
0.06942389208504207
0.5964644473307885
0.30905380694935813
0.636787801051196
0.7425775460707765
0.10673458234534838
0.9682020625049347
0.05757109059475507
0.48295744308628064
0.5045454909807535
0.9133194442354555
0.4536888519601189
0.5255094175886286
0.2985359628115022
0.24562918528614353
0.4396039499094594
0.7007214268499944
0.048203926874888836
0.782225812334409
0.37636675744672554
0.32539172016331785
0.4764411703469891
0.9182603947666579
0.6338553523934229
0.7375127278168682
0.5089681658457926
0.5419023283377588
0.6053614420249551
0.3554420133378797
0.5249427922223715
0.7394104401750354
0.16370550876641543
0.9419922206180638
0.7395672949303987
0.6749589208521044
0.6231096410517107
0.6000268210498568
0.7915660999235888
0.03153450228787491
0.21115942006965138
0.3283366653893761
0.16930654617882468
0.25480393531083967
0.154229806789143
0.24075221915213796
0.43146842407472885
0.623330223530263
0.08728434457138168
0.8306807425470089
0.8266574899220239
0.33434016989406534
0.5248517829128576
0.6599241106573199
0.9974285857001517
0.0006778610277647923
0.5711938962220364
0.8065585374784561
0.42637862353247846
0.48925566450382363
0.4995517549098524
0.8670799542910728
0.8047801998228625
0.016073554155487058
0.7611872012962311
0.45187524023351966
0.5411685755729619
0.24115774129838707
0.7990703487040005
0.6349355899455037
0.04695406926129875
0.36659949242361756
0.12710195528011137
0.7091605604581415
0.090146164458075
0.3581683887256196
0.0012385030669681552
0.2227342509947129
0.6764938041990712
0.7984161032394521
0.8866628411840789
0.6324953315196922
0.08709281670032376
0.30391531579796227
0.0521354958883572
0.8200552418448948
0.29815079521776444
0.8088819724337312
0.976980314044934
0.7376435023181571
0.32676289065904707
0.7221972658060546
0.3345416232157814
0.9380485873544209
0.18650721108442758
0.46144877514813554
0.14659784009137278
0.4513963144638017
0.36434313803604546
0.06423848407524957
0.3472995896714104
0.2110479786034698
0.06766041123808986
0.46263991904910273
0.13732267241893414
0.506836458367387
0.4698547081137068
0.8217891236798952
0.44580800155949196
0.437944162854665
0.25346275935794704
0.5059522275268483
0.35486125335414676
0.172810068300714
0.9288035639519191
0.9473614549485181
0.8532505720949863
0.6627798180768172
0.5692051848413916
0.46618778546916606
0.35070221616651864
0.9061102723728091
0.5273179270570862
0.9598833957963836
0.21149810334107066
0.7958121188278056
0.6995622924164553
0.3198201709830738
0.8615111726244642
0.370392851143691
0.35683213873192676
0.36456053901377494
0.14035512545683737
0.13416928100866876
0.1716625052784816
0.6344692798556629
0.6862362986247718
0.023128967864011862
0.7612502962005118
0.35608935518327267
0.25499544506245997
0.6801342629933465
0.4338697637320632
0.7088364071444175
0.6128394320670592
0.1645122986422628
0.8719048099485035
0.27722615642893134
0.8873464673943836
0.5611665352012911
0.19403045273352015
0.38662648483649886
0.42825256757930763
0.5797426887836103
0.19616433749303153
0.3935578090610661
0.19537279650495987
0.6025736466489576
0.9054573280276013
0.39363537866995124
0.32304635644884305
0.348472488566666
0.9694027386878276
0.27143191861519467
0.5129754494679659
0.6426315962542912
0.15084760972548028
0.15385009486631096
0.030752786140956334
0.16666107313389134
0.13859855541408062
0.22576776099473816
0.5362669946144526
0.17137469632182367
0.6643479935690341
0.7138406914195964
0.2768614924460908
0.4122386154005806
0.40717877274506586
0.4622938150959415
0.27339559542597924
0.31408027270194594
0.7710680163991812
0.7815125562414538
0.702592290340818
0.6137216171989536
0.003147152658231289
0.06049725293902897
0.37853420328340226
0.9264879085606824
0.707576665829065
0.48736271252486707
0.39464516080197465
0.2907383280885806
0.620002621818415
0.10513657026386702
0.4121462352484422
0.4110150048430169
0.11665020654631275
0.6501640429303285
0.8991549796284143
0.7204360961909875
0.22151860500406062
0.9519719823326084
0.6252284198025142
0.8071024927655639
0.08159841342067486
0.039574713358077274
0.8356744056410983
0.5799461339272257
0.258699081315398
0.38332306276444894
0.763080675258716
0.6072740280347697
0.7747241510334572
0.7050822606036983
0.873531237201274
0.4783610684411389
0.991420597720008
0.512001739482508
0.9410199072355404
0.30042502444162966
0.02109774497307859
0.1338505699143836
0.08027807272517307
0.634975694744721
0.161853652808568
0.546971884294688
0.03587608276617826
0.44765549701562235
0.23231461672748233
0.6627205730739828
0.7402659764981114
0.7250583992692929
0.7886041439215068
0.5155674126370731
0.5715264823877975
0.3668302693075992
0.9126565498817769
0.6294872572283317
0.3382625971082872
0.8918097033562256
0.95826520753054
0.5556285671589472
0.6792703793315679
0.8682979908197983
0.6550686745756263
0.47052801061216
0.5742588738314277
0.11629889338076205
0.08786422994165366
0.6175603636399939
0.9370876406826765
0.7191560062111026
0.9367985728332386
0.5430033224653965
0.13585092572261204
0.24734380551331658
0.6738553343871363
0.841970117646148
0.9609221306891443
0.8971431192129187
0.6258141955457499
0.3778874794615319
0.8871104305253397
0.08641601123530274
0.3408335311870535
0.766384571804281
0.18091655917743388
0.038439044667237465
0.1936779477201942
0.2752419292487637
0.2980150880224445
0.7607034400824327
0.3786492374695781
0.8013987938901576
0.5755651634277986
0.4908764441405925
0.9730895234451117
0.986410296452162
0.49848797660162825
0.6802304203123823
0.0794874656650928
0.07092678283255349
0.028316582003791724
0.16693126069832365
0.9562222519378675
0.5062101579394103
0.11484616708909778
0.04253646042500525
0.495579597626294
0.6113566734294933
0.03551681009155139
0.7291819058489811
0.9154630348590053
0.1583042988071498
0.9209715226978926
0.5632953913583877
0.20283556330577657
0.7828099443222613
0.7834967069881431
0.5014749840966709
0.2793841064242528
0.9592664744846849
0.794955597261953
0.5148725163336876
0.5969022097263601
0.6275384470773131
0.2626982014493531
0.38087576147560587
0.3801853753580142
0.17322248794370454
0.5216578703597907
0.5440926213229316
0.7989725529547264
0.47790524199790585
0.2679881586087597
0.44997930386987983
0.9459724156438861
0.29923642011425744
0.6224199414960151
0.6155937969140328
0.18213675627304116
0.7356085311237868
0.19165935832283632
0.8538970576804761
0.6616566840989097
0.22223971626699435
0.422399276718198
0.21150171217468183
0.8120743121213476
0.9539174007339442
0.24539536232153625
0.6252400131981468
0.0932863848008344
0.581751755703254
0.9990303546123129
0.4153854552897486
0.3691794946370127
0.27532166401079194
0.7397344730927145
0.8707160902492744
0.4273068545515518
0.8076275737438156
0.5569267040097958
0.5810450755212202
0.3643584369526075
0.6758702289372104
0.09629016402730362
0.21707792321587704
0.6634981613524037
0.04959742743063256
0.46763733873223345
0.1518730639387299
0.07310790448345383
0.5945706388835158
0.6740784050635199
0.19656392730982575
0.8163686671534051
0.6263788114184656
0.5067684744451264
0.8589341193741242
0.9304813359009874
0.4229137478264394
0.8801340874495147
0.4332004948842263
0.7204766647162532
0.18152549039833998
0.6256075258097107
0.8193110264679507
0.08402568096205809
0.8385519547196038
0.1369575309145452
0.37105662336258105
0.6534650927232218
0.23606609836806003
0.18350819272067997
0.6091139815845751
0.00842016779191257
0.06826970574876456
0.5078578039865784
0.9370571048228514
0.5173439623443645
0.41594354516307785
0.7276873337632749
0.7292352461231787
0.03467827629133802
0.4766961202928939
0.2918683850707575
0.6722143667929029
0.11176270202700689
0.010202489759620681
0.9865649634508484
0.3168212275718052
0.8100539044694961
0.6510890715005495
0.7323541511041418
0.05918833854661054
0.18369661696211392
0.9445928875193126
0.6461038039941137
0.6696149440170495
0.8403708852555057
0.14086928085217276
0.19972250489176135
0.8536949164486936
0.1269476501127712
0.882718422824858
0.608448824666878
0.8773258964266267
0.17514648316565218
0.27005547928140905
0.958255312629895
0.927014840544131
0.9455362090214346
0.697828081504927
0.21077288671926864
0.8531275899335652
0.6945725110094297
0.01211318042684495
0.6341753613106285
0.564555071046159
0.23031699480235013
0.9040805673897756
0.6530466740421494
0.4598256121122344
0.8158529190148164
0.6659634974216817
0.7229256406100824
0.4847855570012497
0.3293921846729665
0.7393689831360368
0.12616768868471984
0.8005196860807847
0.9127036876530585
0.3427919308487276
0.3677636673310377
0.3150143800456917
0.4863089813951912
0.745776136958188
0.5890555037757547
0.6423398407816426
0.6718810170074018
0.8883435309731751
0.33516091653561075
0.6401632549029052
0.49778347148697266
0.3531009587780435
0.012533378537125883
0.0071078156410369076
0.870207228079103
0.5864011729637689
0.357618924178144
0.551715841073701
0.12540127818492908
0.5972781124022452
0.8522505849795535
0.6616758783676493
0.4239507682765451
0.3373700527743224
0.4519344986436554
0.5155258395147692
0.9048582912784587
0.8328890189323438
0.33307798602873884
0.447537985873921
0.19352379437701417
0.2665313375140036
0.44133363276744264
0.44367735837458055
0.870138184946784
0.520823234142579
0.37217856878058586
0.32594083694005715
0.37600823654312465
0.8207131588530284
0.49914894329619897
0.8413045667857644
0.08529369846594748
0.3542955893354197
0.8129002341160775
0.7396538369639108
0.5978013606896172
0.46208408396247436
0.9198164805519655
0.9796225132855666
0.2590934973784521
0.11914833645753908
0.8872021624714167
0.756509403911854
0.7115420930785983
0.2504755877320297
0.6361757732005837
0.24577591324632853
0.13450884552152653
0.7474283263633642
0.81823667295697
0.892682646100555
0.29951682944082314
0.48432213061005336
0.5151953521070058
